(1, 0.39800072138918946, 1.5035468232524496, 1.2339970917292848)
(2, 0.44146442005461944, 1.3854063040964961, 1.1754603928712721)
(3, 0.4598083165867986, 1.3514393443160997, 1.1443774618356606)
(4, 0.46328644303601796, 1.3352758564245386, 1.1253434189779665)
(5, 0.4683619312619158, 1.322377631042546, 1.1430692220626757)
(6, 0.4732313082908229, 1.3114591901968817, 1.1182159408934642)
(7, 0.47593651775132684, 1.3090151235533793, 1.1108007710655485)
(8, 0.4816818673674447, 1.2977049875120117, 1.050780594097816)
(9, 0.48443860462719635, 1.2902713290630647, 1.0653880876466428)
(10, 0.4845674241253156, 1.285451507524363, 1.0606403281054313)
(11, 0.4918328438192405, 1.278376550567761, 1.0483522906816523)
(12, 0.48879270366362654, 1.2774260952036873, 1.029824983457198)
(13, 0.4947441644767352, 1.271896143668135, 1.01958905346634)
(14, 0.49507909517184523, 1.270767906367047, 1.0118896950085814)
(15, 0.5006956252898439, 1.2589520655303483, 1.0025739058733945)
(16, 0.500515277992477, 1.257320260244186, 0.9852968551795175)
(17, 0.5047663214304117, 1.2505852309776757, 0.9655920923974026)
(18, 0.5119029216262173, 1.24488072147378, 0.9633156587036199)
(19, 0.5156386870716752, 1.2349535200912156, 0.9902338383831241)
(20, 0.5081671561807595, 1.2417249279822316, 0.9899888161846648)
(21, 0.5114134075333643, 1.242545221353917, 0.9774409459699777)
(22, 0.5111042407378781, 1.2430032564823998, 0.976288428794818)
(23, 0.5080641005822641, 1.2481615895189653, 0.9785282712421699)
(24, 0.5074972947905395, 1.2482231871507163, 0.9800984429939007)
(25, 0.5073427113927964, 1.248530211065817, 0.9687493495895766)
(26, 0.5066213222033287, 1.245613794856982, 0.9729156097051478)
(27, 0.5041222239398155, 1.2515858534065878, 0.9848889490591611)
(28, 0.505565002318751, 1.257294914605384, 0.9714853223557204)
(29, 0.5023960426650178, 1.2554862855858695, 0.9836859225253155)
(30, 0.5057711135157418, 1.2502515720892737, 0.9811294756489575)
(31, 0.5090688926675941, 1.2455964231471164, 0.9722034385385409)
(32, 0.5061575720100995, 1.2561965179374561, 0.9926842357562115)
(33, 0.5064925027052095, 1.2531766657954448, 0.9988543392571484)
(34, 0.5023187509661462, 1.2560076257600261, 1.006209265854197)
(35, 0.5024733343638893, 1.2557137449338058, 0.9973348653385299)
(36, 0.5092234760653372, 1.244251298305593, 0.9770165713682293)
(37, 0.5063636832070902, 1.24362241089311, 0.9800684193593994)
(38, 0.5046375019322925, 1.2476865694279242, 0.9834353536947922)
(39, 0.5055134745195032, 1.2425173275076156, 1.0048167671780603)
(40, 0.5058999330138609, 1.2458341103160386, 1.0080920053283344)
(41, 0.5039418766424486, 1.2480089520528692, 0.9863372285244981)
(42, 0.5066728500025763, 1.2390274335378055, 0.9772131899226809)
(43, 0.5058741691142371, 1.241677058728882, 1.0027717067174269)
(44, 0.5049724326274024, 1.2463427223395702, 0.9737887231560696)
(45, 0.5121090328232081, 1.2383912339764902, 0.9643822461589334)
(46, 0.5096872262585666, 1.2391312940589139, 0.9739323338204028)
(47, 0.5094553511619518, 1.245225696008822, 0.9594244358681605)
(48, 0.5078579893852734, 1.2415278839920536, 0.9778977312139171)
(49, 0.517184521049106, 1.2342496347085419, 0.9538555941799308)
(50, 0.5138352140980059, 1.2340472124829085, 0.9504927949290551)
(51, 0.5147627144844644, 1.2314687044373995, 0.9764729117939893)
(52, 0.5161024372649045, 1.2326633386149697, 0.960647775928937)
(53, 0.5176997990415829, 1.231091321866913, 0.970218549129595)
(54, 0.5155871592724275, 1.2362317245684136, 0.9535284419509967)
(55, 0.5174421600453445, 1.22357602311039, 0.9499496879017895)
(56, 0.519374452517133, 1.2282883890121257, 0.9426919445602793)
(57, 0.519709383212243, 1.2192385009783981, 0.938157933643893)
(58, 0.5187561189261607, 1.222879431586356, 0.9500186609156682)
(59, 0.5233678569588293, 1.2225713118950716, 0.9542714834564938)
(60, 0.5197351471118669, 1.2287531843287147, 0.9391953027893081)
(61, 0.5176225073427114, 1.2255201712216157, 0.9471636761878676)
(62, 0.5182408409336837, 1.2314109479399118, 0.9576434021519838)
(63, 0.5189622301231515, 1.2287019104203722, 0.9554952970656687)
(64, 0.5123924357190704, 1.2329520184387193, 0.9645129729180953)
(65, 0.5132684083062813, 1.2332584338304715, 0.9786292350711152)
(66, 0.5145050754882259, 1.2330392476308696, 0.9677721587183745)
(67, 0.514324728190859, 1.2386673837434667, 0.9693173439341096)
(68, 0.5124954913175658, 1.2340132705585596, 0.9798357420696262)
(69, 0.5133714639047766, 1.2342144060392761, 0.9998027750744066)
(70, 0.5134487556036482, 1.230921208792745, 0.9585842059148313)
(71, 0.5140928530942444, 1.2373144565121925, 0.9694401500457699)
(72, 0.514994589581079, 1.2421851247296058, 0.9571934270489268)
(73, 0.5167207708558768, 1.2317368054577533, 0.966642657162221)
(74, 0.5129850054104189, 1.2404028760445307, 0.9730099945950236)
(75, 0.5107177822435204, 1.240737027444931, 0.9563826895258936)
(76, 0.5186272994280414, 1.2309190359635747, 0.9487032790647288)
(77, 0.5206111196990777, 1.226591491123869, 0.9452537532853955)
(78, 0.5214355644870408, 1.224350623173822, 0.9469492218625997)
(79, 0.5236254959550678, 1.2200509776460289, 0.9620678539001166)
(80, 0.516849590353996, 1.2320910556384492, 0.9494329715113252)
(81, 0.52089452259494, 1.219707877874607, 0.9390578324353954)
(82, 0.5241665378471686, 1.2114695102225361, 0.9462566279426968)
(83, 0.5220281341783892, 1.2205550531885654, 0.9498175426098252)
(84, 0.5262276498170763, 1.21905115979728, 0.9555635304825337)
(85, 0.5239346627505539, 1.2181238840674984, 0.9499677535517737)
(86, 0.5258669552223425, 1.2158719127053428, 0.9441494695012206)
(87, 0.5259184830215902, 1.21018336728421, 0.940132735493465)
(88, 0.5230071623640954, 1.2187493677241588, 0.9271571641452139)
(89, 0.5256350801257278, 1.2131676674128145, 0.9326840599331366)
(90, 0.5266656361106817, 1.2130631249891897, 0.9379378761042274)
(91, 0.5238573710516824, 1.218984768122374, 0.9411080916044848)
(92, 0.5258669552223425, 1.218041019492128, 0.9389654737298764)
(93, 0.5263049415159479, 1.213676877624543, 0.9418096053175529)
(94, 0.5270520946050394, 1.2140122156815965, 0.9373820869909185)
(95, 0.5287782758798372, 1.2115294084507369, 0.926393713223514)
(96, 0.5240377183490493, 1.2196272322501578, 0.9401225499616055)
(97, 0.5218477868810223, 1.2171295390613563, 0.9394446083743904)
(98, 0.5225434121708662, 1.216348736025629, 0.9501212753572809)
(99, 0.5215386200855362, 1.2217913350620087, 0.9474960293528297)
(100, 0.5230586901633432, 1.2184251735402774, 0.9432358500681796)
