(1, 0.4205956613593033, 1.5420663833787853, 1.1709009709584766)
(2, 0.5046375019322925, 1.3238831979141061, 1.0606684963457194)
(3, 0.518859174524656, 1.2500826892794137, 1.019008911332924)
(4, 0.5223630648734993, 1.224069079789715, 1.0039960355515654)
(5, 0.529654248467048, 1.2088037802456133, 0.9916437383989545)
(6, 0.5300407069614057, 1.1968951347124839, 0.9887564447440156)
(7, 0.5308136239501211, 1.1989014960676485, 0.9868144347586485)
(8, 0.5365332096666151, 1.1927353829230276, 0.9907950263308776)
(9, 0.534703972793322, 1.1891642717374202, 0.9842101181584216)
(10, 0.5372545988560828, 1.1861809841477864, 0.9824672133992852)
(11, 0.5353480702839182, 1.183916401528538, 0.9805234390629894)
(12, 0.5349358478899366, 1.182481187559634, 0.9804518041178379)
(13, 0.5360694594733859, 1.182043040684412, 0.9790447566200996)
(14, 0.5337249446076158, 1.1819121988128676, 0.9665322095634863)
(15, 0.5350904312876797, 1.174270454626207, 0.9626825860492546)
(16, 0.5356057092801566, 1.1770887036329913, 0.9674779031309383)
(17, 0.5385943216365229, 1.1747514896318956, 0.9672354435498083)
(18, 0.5349358478899366, 1.1747735826819372, 0.9645660509064826)
(19, 0.5371257793579636, 1.1720657506139438, 0.9702171382600716)
(20, 0.5411707115989076, 1.1696753808114235, 0.9724708191791687)
(21, 0.5393414747256144, 1.1712368377417437, 0.9626385884757425)
(22, 0.5385943216365229, 1.1685662202793512, 0.9704329923914841)
(23, 0.5396764054207245, 1.1718294471665467, 0.9640782334837277)
(24, 0.5384912660380275, 1.174242885829432, 0.9585428780333892)
(25, 0.5420982119853661, 1.1697936552138246, 0.9582692620914695)
(26, 0.5400628639150822, 1.174843928027909, 0.9579136589401704)
(27, 0.5416344617921368, 1.1675036797602216, 0.9663105862708322)
(28, 0.5422270314834854, 1.1684859543751798, 0.9513126195880736)
(29, 0.544983768743237, 1.1649143276107004, 0.9555665535523475)
(30, 0.5438243932601639, 1.1637632560962266, 0.9484118773518156)
(31, 0.5419178646879992, 1.1671458759499687, 0.9438956597971385)
(32, 0.5437213376616685, 1.1602805454195462, 0.9394930436198249)
(33, 0.5386458494357707, 1.16668314992191, 0.9443156099626296)
(34, 0.5458597413304478, 1.1604922593241513, 0.9493966172053361)
(35, 0.5462977276240532, 1.1560322361137674, 0.9358159667286973)
(36, 0.5433348791673107, 1.1612210063165973, 0.9306468712055571)
(37, 0.5422527953831092, 1.161760947720858, 0.9351872506521786)
(38, 0.5448291853454938, 1.1645902735343117, 0.9455982715353688)
(39, 0.5447003658473747, 1.1586238525297927, 0.9591549081622474)
(40, 0.5458082135312001, 1.1581088679444294, 0.9359954827214889)
(41, 0.5436698098624207, 1.1624026267722647, 0.9373971052843308)
(42, 0.5439016849590353, 1.1590650770818984, 0.9357835527416923)
(43, 0.5481527283969702, 1.1511632802619738, 0.9409700213909137)
(44, 0.5492348121811718, 1.1517569718438736, 0.9252844767374906)
(45, 0.5464780749214201, 1.1543048355895773, 0.9321018937289082)
(46, 0.5483846034935848, 1.152476006687304, 0.9332953070956604)
(47, 0.5466841861184109, 1.1487558645051763, 0.9289697607168891)
(48, 0.54446849075076, 1.1547329843096301, 0.9278400261755593)
(49, 0.5450095326428608, 1.1559002832915803, 0.9400514923677264)
(50, 0.5466841861184109, 1.1523878490259094, 0.9339393032034206)
(51, 0.5477662699026125, 1.1530586117360755, 0.9262243059558726)
(52, 0.5457309218323285, 1.1502018714933195, 0.9320761356973087)
(53, 0.5487710619879425, 1.1564686567644333, 0.9284404000423071)
(54, 0.5479723810996032, 1.151524518849868, 0.9311801079957434)
(55, 0.5499046735713917, 1.1510303287409405, 0.928789120611319)
(56, 0.5500077291698872, 1.152283934399312, 0.928787940580409)
(57, 0.5517081465450611, 1.1447389929099412, 0.9266458865545754)
(58, 0.5501880764672541, 1.1448223125958326, 0.9367116970382228)
(59, 0.551038285154841, 1.1492608120895205, 0.9227674448868239)
(60, 0.5502911320657494, 1.1497812748817013, 0.9271822599954247)
(61, 0.5500592569691348, 1.142212247325776, 0.9181485041810117)
(62, 0.5503426598649972, 1.1450130972085932, 0.9296852982758794)
(63, 0.5536404390168496, 1.1443863836677457, 0.9211056698875785)
(64, 0.5523522440356572, 1.1475223527005016, 0.9261741082741773)
(65, 0.5517339104446849, 1.1491400691422766, 0.9375000810719997)
(66, 0.5519657855412995, 1.1431449094747217, 0.9255699080877804)
(67, 0.5488225897871902, 1.1507257045528692, 0.9346443131100722)
(68, 0.5529705776266296, 1.1371401785793935, 0.9230098569502502)
(69, 0.5485649507909517, 1.1478551543814566, 0.9262416317573677)
(70, 0.5485907146905755, 1.1495401350298649, 0.9338402970496569)
(71, 0.5506518266604833, 1.1451999665224382, 0.9313407660534238)
(72, 0.5508064100582264, 1.1436819253589097, 0.9322140903124689)
(73, 0.554258772607822, 1.1451052746340995, 0.9391670599180522)
(74, 0.5493893955789149, 1.1454156642520952, 0.9305447720902661)
(75, 0.5497500901736487, 1.1460903378400937, 0.9281625313764778)
(76, 0.5464007832225486, 1.1491572419888345, 0.9578358921049908)
(77, 0.5504714793631164, 1.1435579718816908, 0.9344454062633246)
(78, 0.5489771731849332, 1.1538100278439496, 0.9294314516463882)
(79, 0.5517854382439326, 1.143166670514648, 0.9284245935130965)
(80, 0.5512186324522079, 1.1459630979428992, 0.9244944253794547)
(81, 0.5521718967382903, 1.1459050401328295, 0.9267206368506212)
(82, 0.5531766888236204, 1.1440951035785545, 0.9309994748443301)
(83, 0.5502911320657494, 1.147626132252789, 0.9315584449670149)
(84, 0.5494409233781625, 1.144633416087683, 0.9323629756388708)
(85, 0.5511671046529603, 1.147340763032113, 0.9259072991290941)
(86, 0.5540011336115834, 1.1395497119149505, 0.9292540536156993)
(87, 0.5516566187458134, 1.1443387244558298, 0.9433292890176611)
(88, 0.5466841861184109, 1.1497448709869067, 0.9308745775240869)
(89, 0.5517854382439326, 1.1416435960663738, 0.9404065855731242)
(90, 0.5518369660431803, 1.1457910686572974, 0.9306103271512559)
(91, 0.5544648838048127, 1.1412952780450898, 0.9334033910101786)
(92, 0.5536146751172257, 1.1396988385300384, 0.9255125883812728)
(93, 0.5497500901736487, 1.1478550754633017, 0.9240031439358336)
(94, 0.5529448137270058, 1.1463812879481685, 0.9187383487072727)
(95, 0.5519142577420518, 1.143818065813379, 0.9243567755977008)
(96, 0.5490802287834287, 1.1480985329310647, 0.9262939643694158)
(97, 0.5519657855412995, 1.1492972673156558, 0.9235402487247559)
(98, 0.5521461328386664, 1.1458128179612732, 0.9311981789382274)
(99, 0.5546452311021797, 1.1411126761176025, 0.9244350511091193)
(100, 0.5530221054258773, 1.1400060983224125, 0.918667773263784)
