(1, 0.5022929870665224, 1.4829688616098509, 1.167903143651864)
(2, 0.54212397588499, 1.307613463119381, 1.0691915798141798)
(3, 0.5447003658473747, 1.2511837355826692, 1.0348999214537251)
(4, 0.5498016179728964, 1.2289570222503696, 1.0219646184641369)
(5, 0.5495955067759056, 1.2168348195093575, 1.0042028132617615)
(6, 0.5490029370845572, 1.2148974324601656, 0.9993595144709803)
(7, 0.5509094656567218, 1.2033739657527915, 0.9958461863841579)
(8, 0.550368423764621, 1.202966737354719, 0.986004393983536)
(9, 0.5555469675890142, 1.1941230779339709, 0.9850886185852864)
(10, 0.5545421755036842, 1.198078663084974, 0.9814362005036626)
(11, 0.5571958571649405, 1.1872252049257128, 0.9793799327649764)
(12, 0.5553408563920235, 1.1911011671103906, 0.9789356044548806)
(13, 0.5575307878600505, 1.183943388932451, 0.9709832612695761)
(14, 0.5568866903694544, 1.1846692270348371, 0.9718546791275322)
(15, 0.5554439119905189, 1.1849055539842723, 0.9667436154164765)
(16, 0.5589993301386098, 1.1765014873083812, 0.9550711751110121)
(17, 0.5590508579378575, 1.1749448317474092, 0.9609943946790268)
(18, 0.5574019683619312, 1.17311538683008, 0.9503925945730747)
(19, 0.5552120368939043, 1.1753496279195317, 0.9480742599182027)
(20, 0.5586643994434998, 1.1740090325852892, 0.9411001500181103)
(21, 0.5594888442314628, 1.1664585336166913, 0.9462256055264993)
(22, 0.5606997475137837, 1.1681948019733994, 0.942384305168498)
(23, 0.562657803885196, 1.16180639028067, 0.9307157610429141)
(24, 0.558793218941619, 1.1589695136298668, 0.9398437147301816)
(25, 0.5630957901788015, 1.1619240322724287, 0.9371846936490319)
(26, 0.5617560673983614, 1.1624443762352967, 0.9279509903990729)
(27, 0.5646158602566085, 1.159216811165817, 0.9292991004341363)
(28, 0.5655948884423146, 1.155758429770915, 0.9263179213258577)
(29, 0.5632503735765445, 1.1519865159210414, 0.9188320673184396)
(30, 0.5635337764724069, 1.1528755303056888, 0.9236733302044786)
(31, 0.5624001648889576, 1.1533650284223311, 0.9190161331515176)
(32, 0.5629669706806822, 1.1513434298769942, 0.9150891135758)
(33, 0.5679651672077085, 1.1475739208385851, 0.9116471248523275)
(34, 0.5683258618024424, 1.1428035349827603, 0.9077622452152828)
(35, 0.5695625289843871, 1.1449970892498211, 0.9091744215497279)
(36, 0.569227598289277, 1.139965059916944, 0.9094785322634557)
(37, 0.5698716957798733, 1.1413738677572718, 0.9092756478521157)
(38, 0.5684546813005616, 1.1384268705358087, 0.9190623293243295)
(39, 0.5701808625753594, 1.1396045828715715, 0.9097517868648862)
(40, 0.5709795434636986, 1.1368638365630495, 0.9114557989375512)
(41, 0.5716751687535425, 1.1368438270715717, 0.9103264357431253)
(42, 0.5705930849693409, 1.1370982119866637, 0.9023560758272754)
(43, 0.5703096820734787, 1.1390924767712038, 0.8952899169763081)
(44, 0.5707734322667078, 1.1352607154277272, 0.8976565162903388)
(45, 0.5739166280208172, 1.1298975001640716, 0.8962262516969334)
(46, 0.5742257948163034, 1.1379831592771337, 0.8945593982558698)
(47, 0.5714175297573041, 1.1291686298668586, 0.8952063218474782)
(48, 0.5717266965527902, 1.1287592961913355, 0.8881995400879772)
(49, 0.5771886432730458, 1.1233011190648736, 0.8878865105547352)
(50, 0.5763384345854589, 1.1207358659226694, 0.891268314630343)
(51, 0.5787087133508528, 1.118656475882377, 0.891787105593241)
(52, 0.5760035038903488, 1.1249001643348766, 0.889999084044864)
(53, 0.5722419745452672, 1.1264988968554144, 0.889433174952212)
(54, 0.5748441284072757, 1.1268403037740726, 0.8902743968839659)
(55, 0.5753078786005049, 1.1244342217184713, 0.8881566444747622)
(56, 0.5760292677899727, 1.1207692274160481, 0.888556804320996)
(57, 0.5787087133508528, 1.1177167296973958, 0.8838080720701292)
(58, 0.5774462822692843, 1.1228260097364586, 0.8804242415632966)
(59, 0.5719070438501571, 1.123104699509134, 0.8834535534033195)
(60, 0.5741485031174318, 1.1228348828504544, 0.8818172829036189)
(61, 0.5776008656670274, 1.1182831652203247, 0.8812823647209527)
(62, 0.5761580872880919, 1.1160414501618279, 0.8743820168246108)
(63, 0.5772659349719174, 1.1172828254193803, 0.875204736181237)
(64, 0.5789148245478436, 1.1133824090583297, 0.8769813325226546)
(65, 0.5819807286030814, 1.1093107225246122, 0.8798034490974652)
(66, 0.5803833668264028, 1.1172616094885508, 0.8862308389881087)
(67, 0.5797392693358067, 1.1146212137209373, 0.8731489620306535)
(68, 0.5832431596846499, 1.110004774546208, 0.8847153024191459)
(69, 0.5807440614211367, 1.1118584171284212, 0.8718065300421359)
(70, 0.583887257175246, 1.1079635592169352, 0.870578663065641)
(71, 0.5797392693358067, 1.1103536278632695, 0.8706556402986091)
(72, 0.5763641984850827, 1.1146726565331009, 0.875581267955843)
(73, 0.5796362137373113, 1.112144502940848, 0.8776465008895501)
(74, 0.5747410728087803, 1.1162372459062666, 0.876573539761235)
(75, 0.5799453805327974, 1.1061625070646295, 0.8711219217271567)
(76, 0.5796104498376874, 1.1072621514593914, 0.87322876986727)
(77, 0.5778842685628897, 1.1127417056432143, 0.8754276000289626)
(78, 0.583062812387283, 1.1072082203035138, 0.8799720285490108)
(79, 0.580022672231669, 1.1097543240725087, 0.8784024208618245)
(80, 0.5807698253207606, 1.1071627055212128, 0.8743789091032091)
(81, 0.5846859380635853, 1.100933006618959, 0.869055896580118)
(82, 0.5786829494512289, 1.1141322592706504, 0.864597589133063)
(83, 0.5820837842015768, 1.1098146833022164, 0.8697858147144987)
(84, 0.5799196166331736, 1.1117438003744275, 0.8637967126861124)
(85, 0.5780646158602566, 1.1136874771393006, 0.8632455918061405)
(86, 0.5798423249343021, 1.1137673286532515, 0.8635119000123627)
(87, 0.5746122533106611, 1.1167008580863396, 0.8653102444004339)
(88, 0.5775493378677796, 1.1157983411536347, 0.8688694412572309)
(89, 0.5804606585252744, 1.108574745955971, 0.8652994212853126)
(90, 0.5786314216519812, 1.1101144403076215, 0.8671936365010492)
(91, 0.5849693409594476, 1.1006856721828728, 0.8650391445348622)
(92, 0.5803060751275313, 1.1048499579105309, 0.8685274097542873)
(93, 0.5773432266707889, 1.1071026403579873, 0.8625725072994866)
(94, 0.5823671870974391, 1.1043275971164395, 0.8698667763777198)
(95, 0.582212603699696, 1.1044920838653494, 0.8744215885393984)
(96, 0.5832689235842737, 1.1011171198682344, 0.8632495277448468)
(97, 0.5839387849744937, 1.100847372264482, 0.856486933494946)
(98, 0.5846344102643376, 1.0988513694613686, 0.8621153577273007)
(99, 0.5826763538929253, 1.1040010500123942, 0.857716918111041)
(100, 0.5808728809192559, 1.103608608723964, 0.8613114162020621)
