(1, 0.41085690730148916, 1.549168369013346, 1.0175787870374142)
(2, 0.4817591590663163, 1.3902065286521361, 0.9869439241463015)
(3, 0.4906992322357912, 1.3765805874097556, 1.014556690056914)
(4, 0.4931725665996805, 1.3704417413138272, 1.1819121944471866)
(5, 0.4910856907301489, 1.3734294775618936, 0.9891478977625203)
(6, 0.4898232596485804, 1.377525319242719, 1.0223103334237857)
(7, 0.4933013860977998, 1.3734697082774876, 0.9986154060404988)
(8, 0.49847992992219303, 1.3524668477550386, 0.9612379493077619)
(9, 0.4941515947853867, 1.3595700873982899, 0.9917248412198865)
(10, 0.4975266656361107, 1.3567072652862102, 1.0119882836180791)
(11, 0.5020868758695316, 1.34936986630341, 0.9282764107557894)
(12, 0.4998969444015046, 1.3448658866885128, 1.0353440940620053)
(13, 0.49389395578914824, 1.3780334893075352, 1.0497438240104098)
(14, 0.4916009687226259, 1.3930884845891327, 1.0416329387622612)
(15, 0.4952336785695883, 1.3876777227055395, 1.049023977434661)
(16, 0.5038903488432009, 1.35679382787325, 1.0391249428852114)
(17, 0.4951306229710929, 1.3954784042043116, 1.0436195947823421)
(18, 0.5160251455660329, 1.3233698223102148, 0.9240116597521149)
(19, 0.5097387540578142, 1.3293057357352793, 0.9932943837895511)
(20, 0.4963415262534137, 1.3798549029218, 1.0043048287789735)
(21, 0.5138609779976298, 1.3316805360901949, 1.019904648090584)
(22, 0.4944865254804967, 1.3926701128782917, 0.9868058069033879)
(23, 0.49997423610037617, 1.3776054559293023, 1.0014765321303094)
(24, 0.5013654866800639, 1.371673301482654, 1.0483216686748444)
(25, 0.4972174988406245, 1.3894433005019222, 1.0283015992292408)
(26, 0.493765136291029, 1.38134180564869, 1.0277260627148754)
(27, 0.49909826351316533, 1.3774456303322575, 1.0687564200136472)
(28, 0.5040191683413201, 1.3671884865559971, 1.0427381742899595)
(29, 0.4997681249033854, 1.3644359968091875, 1.0104852704999128)
(30, 0.5157932704694183, 1.3016901842779458, 1.0100894033053445)
(31, 0.5111042407378781, 1.3128291877139973, 0.9912054506015817)
(32, 0.5132168805070335, 1.3143767760522, 0.9049814567273178)
(33, 0.511284588035245, 1.3100726765605502, 1.0268510030468327)
(34, 0.5127788942134281, 1.319476759067042, 1.0580577557647546)
(35, 0.5155356314731798, 1.3060285405663352, 0.9167127951543491)
(36, 0.5154068119750606, 1.3038781571425297, 1.099445398409915)
(37, 0.5133714639047766, 1.3151047079008973, 1.07191747802472)
(38, 0.5100221569536765, 1.3432951606062005, 0.9355394790494435)
(39, 0.5150461173803267, 1.3301730869160562, 0.9943363402297198)
(40, 0.5121090328232081, 1.3184606708352773, 1.0021042667715547)
(41, 0.49981965270263307, 1.3730275337260511, 1.1374937969633387)
(42, 0.4936105528932859, 1.38388876099499, 1.0314804742376324)
(43, 0.4939970113876436, 1.382512372368761, 1.0657510310580383)
(44, 0.49626423455454216, 1.383050073295626, 1.0524708923506427)
(45, 0.49585201216056063, 1.3807535782705365, 1.0730254954036382)
(46, 0.4948987478744783, 1.382224638079757, 1.0330978823286485)
(47, 0.4981707631267069, 1.372767077013471, 1.1433967877792524)
(48, 0.5037615293450817, 1.3613932594478209, 0.9772826597980651)
(49, 0.5009017364868347, 1.3704344146473015, 1.0598472976178088)
(50, 0.503710001545834, 1.3601065820204603, 1.1089541029504104)
(51, 0.49744937393723915, 1.36778832697663, 0.9953496439445206)
(52, 0.5030916679548616, 1.3680134331007818, 1.0056772179656652)
(53, 0.5022414592672747, 1.3617027011117293, 0.9781423687065653)
(54, 0.49739784613799143, 1.3674158818574864, 0.96492885805357)
(55, 0.5059256969134849, 1.3516458475768958, 0.94201000759442)
(56, 0.5113361158344927, 1.3250918143019144, 1.0236480022199612)
(57, 0.5164373679600144, 1.3022173425285781, 1.049376057963279)
(58, 0.512289380120575, 1.3237309860380364, 0.9804224959118433)
(59, 0.5151491729788221, 1.2940670047258758, 0.9614911245952515)
(60, 0.5205853557994538, 1.2873117585664846, 0.985471118463845)
(61, 0.5144277837893544, 1.293193478490121, 0.9941907724745492)
(62, 0.5219508424795177, 1.288718674434084, 0.927551050405628)
(63, 0.5169011181532437, 1.305786103833027, 0.9311914699952418)
(64, 0.5194002164167568, 1.294118289648312, 0.9183271604468316)
(65, 0.5186530633276653, 1.2881488532859078, 0.9314762257775928)
(66, 0.5142732003916113, 1.3201598931502998, 0.9542558246546433)
(67, 0.5177770907404545, 1.3041125937963443, 0.9383398680822463)
(68, 0.5236254959550678, 1.2904124097949854, 1.0328374034526924)
(69, 0.5111815324367496, 1.340360553918134, 1.1424466445420092)
(70, 0.5010820837842016, 1.3667678715218805, 0.9597167147581299)
(71, 0.5017004173751739, 1.3683343710609455, 1.0635090318077387)
(72, 0.4933786777966713, 1.3776237284079844, 1.0399580423918002)
(73, 0.49234812181171744, 1.3790134289447338, 0.9639794241894609)
(74, 0.4932756221981759, 1.379221981345517, 1.0383483394915163)
(75, 0.4943834698820013, 1.3725876758510362, 0.9881022435714815)
(76, 0.4972174988406245, 1.368425444084857, 1.0132524500405475)
(77, 0.49273458030607514, 1.374400759579197, 1.0386766592136834)
(78, 0.5014685422785593, 1.3595897678234536, 0.9842267706782919)
(79, 0.5045602102334209, 1.3511552303568914, 0.975217938247316)
(80, 0.5010563198845778, 1.3600419149588794, 0.9738435248554361)
(81, 0.5019838202710363, 1.3627159810405252, 1.0551055831719303)
(82, 0.4953882619673314, 1.3753011656588188, 0.9945759860360842)
(83, 0.4863193692997372, 1.3777587170569858, 1.6146460509385159)
(84, 0.4861132581027464, 1.3779209092165086, 1.0332993674982236)
(85, 0.47397846137991445, 1.4076407524034278, 1.0601964413338036)
(86, 0.4760395733498222, 1.4033895730637567, 1.1156540241660278)
(87, 0.4815015200700778, 1.3973411586721907, 1.0661150320525896)
(88, 0.47070644612768586, 1.4154576668725154, 1.0783659480331693)
(89, 0.4851599938166641, 1.3860157881739124, 1.0212210300293556)
(90, 0.4974236100376153, 1.3674264840439696, 0.9737453185076396)
(91, 0.4979131241304684, 1.363231380819037, 0.9977369034682231)
(92, 0.49778430463234913, 1.364511328966221, 0.9482298177724264)
(93, 0.5021641675684032, 1.3602932875974298, 0.9677691430868555)
(94, 0.49969083320451385, 1.3658469627159127, 0.9838522761065014)
(95, 0.49914979131241305, 1.3679298017281836, 0.9356546723389888)
(96, 0.5010820837842016, 1.3676492873339414, 1.0325696158796736)
(97, 0.49914979131241305, 1.3580044177665203, 0.9798079562430762)
(98, 0.5024218065646416, 1.3599900475242197, 0.9610066122709353)
(99, 0.5038903488432009, 1.3513089236351177, 0.9419117968091396)
(100, 0.5055134745195032, 1.3504589962512181, 1.054185879167304)
