(1, 0.36767317939609234, 1.6085348519156561, 1.238148433322442)
(2, 0.39526769855366656, 1.4623294047551905, 1.1601805376298717)
(3, 0.3971073331641715, 1.4038466441505786, 1.1226539300408227)
(4, 0.4028799797005836, 1.365477497835233, 1.1060212090577428)
(5, 0.4090332402943415, 1.336074946924148, 1.0880624185401575)
(6, 0.416328343060137, 1.3227468112621157, 1.078457933094138)
(7, 0.4108094392286222, 1.3134222926127217, 1.0692582325686115)
(8, 0.4170261354986044, 1.3012365398286216, 1.0643194586424258)
(9, 0.41823141334686625, 1.294354220020895, 1.0599857368647099)
(10, 0.4183582846993149, 1.2921829701521106, 1.0610066663414293)
(11, 0.4230525247399137, 1.2839283753291388, 1.0641134625702031)
(12, 0.4199441766049226, 1.2817970155777287, 1.0558234762416459)
(13, 0.4167723927937072, 1.2837039538973691, 1.0513713447931483)
(14, 0.4200710479573712, 1.278251330596266, 1.0544475473915371)
(15, 0.4233697031210353, 1.2749432720644722, 1.0565509032217024)
(16, 0.4232428317685867, 1.278881108529622, 1.0614205005431472)
(17, 0.4192463841664552, 1.2755589720841987, 1.05615526065703)
(18, 0.42381375285460543, 1.2717985784858503, 1.0616380531407952)
(19, 0.42051509769094136, 1.282574308418405, 1.0506649161241164)
(20, 0.42768332910428825, 1.2691729556163218, 1.0506708429522758)
(21, 0.4255899517888861, 1.2649360957317501, 1.0533695894278599)
(22, 0.43072824156305506, 1.2650351459233704, 1.0518063123578258)
(23, 0.4229890890636894, 1.273125380434075, 1.0479363087121378)
(24, 0.4250190307028673, 1.2663717929115985, 1.0516417659923105)
(25, 0.42704897234204514, 1.2635241699407613, 1.0509627096409786)
(26, 0.42038822633849277, 1.265779499915485, 1.0486222680708202)
(27, 0.4226084750063436, 1.2689817067858638, 1.0508648264804368)
(28, 0.4248287236741944, 1.2646130971786365, 1.0524110417511523)
(29, 0.4272392793707181, 1.26700183788711, 1.0514088775929507)
(30, 0.4248287236741944, 1.2644189613587933, 1.0538816551430459)
(31, 0.42838112154275565, 1.2620896719054873, 1.0523511405842343)
(32, 0.4327581832022329, 1.261153218157512, 1.0574770914558467)
(33, 0.4259071301700076, 1.2600572874083777, 1.054369368439881)
(34, 0.42749302207561535, 1.2670714998477397, 1.0600731195577116)
(35, 0.4280005074854098, 1.2603067195979254, 1.051467785853264)
(36, 0.4304744988581578, 1.258286234823218, 1.0533701071004764)
(37, 0.424130931235727, 1.2651759411764383, 1.0557495451985324)
(38, 0.42692210098959654, 1.2680898709716575, 1.064143355800639)
(39, 0.4251459020553159, 1.2629007054495194, 1.061173933233231)
(40, 0.4230525247399137, 1.2650340200099122, 1.0674725727241252)
(41, 0.4185485917279878, 1.2622851644678335, 1.0552763031222319)
(42, 0.4229890890636894, 1.265900297342797, 1.0559008192536614)
(43, 0.4168358284699315, 1.2690944879031505, 1.0591300315540535)
(44, 0.4214031971580817, 1.2619716107922818, 1.0574733175826962)
(45, 0.4279370718091855, 1.2594937481878448, 1.0627304927229246)
(46, 0.42520933773154024, 1.2593248629613112, 1.0625547601755607)
(47, 0.42463841664552143, 1.2591518785835705, 1.0579156863662198)
(48, 0.430918548591728, 1.2586125952272706, 1.0602693997968184)
(49, 0.42774676478051255, 1.257742232649921, 1.057052770526964)
(50, 0.42609743719868054, 1.2616375189249027, 1.0588817690432721)
(51, 0.42546308043643744, 1.2540668821932626, 1.0607902512230325)
(52, 0.4243846739406242, 1.257325253443, 1.06145924373618)
(53, 0.4311088556204009, 1.2461525650921357, 1.056396271395399)
(54, 0.42387718853082973, 1.25704869891398, 1.0596978307617282)
(55, 0.4225450393301193, 1.255021359042218, 1.0610872345644033)
(56, 0.4222278609489977, 1.2580997864296293, 1.0533338673554589)
(57, 0.423306267444811, 1.2568820848355844, 1.0499876508311068)
(58, 0.4226719106825679, 1.2502067215973216, 1.0518004088739368)
(59, 0.42292565338746513, 1.260434625943968, 1.0516590589392278)
(60, 0.4273027150469424, 1.2569888069548907, 1.049901099427041)
(61, 0.42907891398122305, 1.25704128599275, 1.0527377138772127)
(62, 0.4264780512560264, 1.2512908878787479, 1.0478410857472737)
(63, 0.42825425019030705, 1.2481539678750184, 1.045475635007383)
(64, 0.4217203755392033, 1.2589070084482332, 1.0452875340840926)
(65, 0.4257168231413347, 1.251129069812435, 1.0498777099428247)
(66, 0.4281908145140827, 1.2539392908237756, 1.0514518253030707)
(67, 0.43206039076376557, 1.2484133834965987, 1.0426840909625092)
(68, 0.4281908145140827, 1.2474713508144637, 1.0472750129569033)
(69, 0.4319335194113169, 1.247124933097696, 1.0463687226543026)
(70, 0.42114945445318447, 1.2515532629320054, 1.0438996754800327)
(71, 0.43053793453438216, 1.2479632787767536, 1.0458049707774493)
(72, 0.42749302207561535, 1.2533624249117472, 1.042074881692551)
(73, 0.427429586399391, 1.2492316053167414, 1.0435444640571834)
(74, 0.4233697031210353, 1.2531626710469228, 1.0441973022142965)
(75, 0.4256533874651104, 1.2539181561629669, 1.0434388862031876)
(76, 0.4333291042882517, 1.2420445764713808, 1.0421387493474263)
(77, 0.4318066480588683, 1.2545458739701412, 1.0443357412841108)
(78, 0.42761989342806395, 1.2458640216733714, 1.0457069694511905)
(79, 0.4302841918294849, 1.2448595755711571, 1.0428124408950603)
(80, 0.42838112154275565, 1.246557159527505, 1.0442419147633624)
(81, 0.4311722912966252, 1.246222218611074, 1.0444606163876216)
(82, 0.42673179396092364, 1.2545390841705912, 1.044160212607772)
(83, 0.421466632834306, 1.2513656578570476, 1.042598719321299)
(84, 0.43383658969804617, 1.2401969584517523, 1.0383797370973078)
(85, 0.4311088556204009, 1.2430892284327173, 1.0377627985031586)
(86, 0.4311088556204009, 1.2395804538307638, 1.037917521460593)
(87, 0.43142603400152246, 1.2478079971410967, 1.0417770003113944)
(88, 0.4368180664805887, 1.2321048815448978, 1.0354820401860323)
(89, 0.43225069779243847, 1.250268338076568, 1.0351951022312684)
(90, 0.4281273788378584, 1.24188002519474, 1.0371072716865404)
(91, 0.4293960923623446, 1.2424765388738668, 1.0406881133196046)
(92, 0.42933265668612025, 1.2465927695907015, 1.0398815911271735)
(93, 0.433582846993149, 1.2384586504726007, 1.04349925510625)
(94, 0.4354224816036539, 1.2427600319796228, 1.0392322570304826)
(95, 0.43060137021060646, 1.238847585555201, 1.0392000343753613)
(96, 0.4368180664805887, 1.2354121298747327, 1.0368256119416166)
(97, 0.425780258817559, 1.2476895668219412, 1.0354549231201948)
(98, 0.433392539964476, 1.2423955490077716, 1.0328684595371678)
(99, 0.4326313118497843, 1.2387051969394183, 1.038503940926382)
(100, 0.4404973357015986, 1.2382409147506088, 1.0351393152405484)
